0 0.577516 0.551721 0.096625 0.451124
0 0.809414 0.564438 0.0767031 0.432576
0 0.261148 0.716956 0.133266 0.405386
0 0.867797 0.503489 0.072375 0.131335
0 0.866078 0.424204 0.0378437 0.0997892
0 0.938289 0.512904 0.0784219 0.111241
0 0.865492 0.367553 0.0217031 0.0799297
0 0.377937 0.544368 0.0800312 0.054637
0 0.490539 0.465328 0.0412969 0.0779625
0 0.922148 0.379965 0.00904687 0.0303279
0 0.380133 0.932213 0.185922 0.135574
0 0.520289 0.446979 0.0236719 0.0853864
0 0.979359 0.411124 0.01175 0.0608899
